00000000000000000000000000000000000000000000000000000000000000000000000000000000
00000000000010000000000000000000000000000000000000001000000000000000000000000000
00000000000101000000000000000000000000000000000000010100000000000000000000000000
00000000001010000000000000000000000000000000000000111000000000000000000000000000
00000000010001000000000000000000000000000000000001101100000000000000000000000000
00000000101010000000000000000000000000000000000001101100000000000000000000000000
00001000010101000000000000000000000000000000000001101100000000000000000000000000
00010100000010000000000000000000000000000000000001101100000000000000000000000000
00111000001001000000000000000000000000000000000001101100000000000000000000000000
01111000010110000000000000000000000000000000000001101100000000000000000000000000
11011000001110000000000000000000000000000000000001101100000000000000000000000000
01110100001100000000000000000000000000000000000001101100000000000000000000000000
00101000000100000000000000000000000000000000000001101100000000000000000000000000
00010000001010000000000000000000000000000000000001101100000000000000000000000000
00000010010001000000000000000000000000000000000001101100000000000000000000000000
00000101101010000000000000000000000000000000000001101100000000000000000000000000
00001010010101000000000000000000000000000000000001101100000000000000000000000000
00010100000010000000000000000000000000000000000001101100000000000000000000000000
00111000000001000000000000000000000000000000000001101100000000000000000000000000
01111000000010000000000000000000000000000000000001101100000000000000000000000000
11011000000100000000000000000000000000000000000001101100000000000000000000000000
01110100001000000000000000000000000000000000000001101100000000000000000000000000
00101000000100000000000000000000000000000000000001101100000000000000000000000000
00010000001010000000000000000000000000000000000001101100000000000000000000000000
00000010010001000000000000000000000000000000000001101100000000000000000000000000
00000101101010000000000000000000000000000000000001101100000000000000000000000000
00001010010101000000000000000000000000000000000001101100000000000000000000000000
00010100000010000000000000000000000000000000000001101100000000000000000000000000
00111000000001000000000000000000000000000000000001101100000000000000000000000000
01111000000010000000000000000000000000000000000000111100000000000000000000000000
11011000000100000000000000000000000000000000000000011100000000000000000000000000
01110100001000000000000000000000000000000000000000001100000000000000000000000000
00101000000100000000000000000000000000000000000000001100000000000000000000000000
00010000001010000000000000000000000000000000000000001100000000000000000000000000
00000010010001000000000000000000000000000000100000001100000000000000000000000000
00000101101010000000000000000000000000000001010000011000000000000000000000000000
00001010010101000000000000000000000000000000111000110000000000000000000000000000
00010100000010000000000000000000000000000001101101110000000000000000000000000000
00111000000001000000000000000000000000000001111111111000000000000000000000000000
01111000000010000000000000000000000000000010110010011100000000000000000000000000
11011000000100000000000000000000000000000101000001011000000000000000000000000000
01110100001000000000000000000000000000001010000000100100000000000000000000000000
00101000000100000000000000000000000000000100000000011000000000000000000000000000
00010000001010000000000000000000000000000000000000111000000000000000000000000000
00000010010001000000000000000000000000000000000001100100000000000000000000000000
00000101101010000000000000000000000000000000000000111000000000000000000000000000
00001010010101000000000000000000000000000000000001101100000000000000000000000000
00010100000010000000000000000000000000000000000000111000000000000000000000000000
00111000000001000000000000000000000000000000000001000100000000000000000000000000
01111000000010000000000000000000000000000000000000111000000000000000000000000000
11011000000100000000000000000000000000000000000001101100000000000000000000000000
01110100001000000000000000000000000000000000000001101100000000000000000000000000
00101000000100000000000000000000000000000000000001101100000000000000000000000000
00010000001010000000000000000000000000000000000001101100000000000000000000000000
00000010010001000000000000000000000000000000000001101100000000000000000000000000
00000101101010000000000000000000000000000000000001101100000000000000000000000000
00001010010101000000000000000000000000000000000001101100000000000000000000000000
00010100000010000000000000000000000000000000000001101100000000000000000000000000
00111000000001000000000000000000000000000000000001101100000000000000000000000000
01111000000010000000000000000000000000000000000001101100000000000000000000000000
11011000000100000000000000000000000000000000000001101100000000000000000000000000
01110100001000000000000000000000000000000000000001101100000000000000000000000000
00101000000100000000000000000000000000000000000001101100000000000000000000000000
00010000001010000000000000000000000000000000000001101100000000000000000000000000
00000010010001000000000000000000000000000000000001101100000000000000000000000000
00000101101010000000000000000000000000000000000001101100000000000000000000000000
00001010010101000000000000000000000000000000000001101100000000000000000000000000
00010100000010000000000000000000000000000000000001101100000000000000000000000000
00111000000001000000000000000000000000000000000001101100000000000000000000000000
01111000000010000000000000000000000000000000000000111100000000000000000000000000
11011000000100000000000000000000000000000000000000011100000000000000000000000000
01110100001000000000000000000000000000000000000000001100000000000000000000000000
00101000000100000000000000000000000000000000000000001100000000000000000000000000
00010000001010000000000000000000000000000000000000001100000000000000000000000000
00000010010001000000000000000000000000000000100000001100000000000000000000000000
00000101101010000000000000000000000000000001110000011000000000000000000000000000
00001000110111000000000000000000000000000001111000110000000000000000000000000000
00010101010111000000000000000000000000000001101101110000000000000000000000000000
00101000100010000000000000000000000000000000101111111000000000000000000000000000
00010000000000000000000000000000000000000000010010110000000000000000000000000000
