0000000000000000000000000000000000000000
0000000000001000000000000000000000000000
0000000000010100000000000000000000000000
0000000000101000000000000000000000000000
0000000001000100000000000000000000000000
0000000010101000000000000000000000000000
0000100001010100000000000000000000000000
0001010000001000000000000000000000000000
0011100000100100000000000000000000000000
0111100001011000000000000000000000000000
1101100000111000000000000000000000000000
0111010000110000000000000000000000000000
0010100000010000000000000000000000000000
0001000000101000000000000000000000000000
0000001001000100000000000000000000000000
0000010110101000000000000000000000000000
0000101001010100000000000000000000000000
0001010000001000000000000000000000000000
0011100000000100000000000000000000000000
0111100000001000000000000000000000000000
1101100000010000000000000000000000000000
0111010000100000000000000000000000000000
0010100000010000000000000000000000000000
0001000000101000000000000000000000000000
0000001001000100000000000000000000000000
0000010110101000000000000000000000000000
0000101001010100000000000000000000000000
0001010000001000000000000000000000000000
0011100000000100000000000000000000000000
0111100000001000000000000000000000000000
1101100000010000000000000000000000000000
0111010000100000000000000000000000000000
0010100000010000000000000000000000000000
0001000000101000000000000000000000000000
0000001001000100000000000000000000000000
0000010110101000000000000000000000000000
0000100011011100000000000000000000000000
0001010101011100000000000000000000000000
0010100010001000000000000000000000000000
0001000000000000000000000000000000000000
