Saída sequêncial:
0000000000
0000000000
0000000000
0000000000
0000000000
0000000000
0000100000
0001010000
0010100000
0001000000

-----------------------------------------------------------------------------

Saída Double Thread:
0000000000
0000000000
0000000000
0000000000
0000000000
0000000000
0000100000
0001010000
0010100000
0001000000

-----------------------------------------------------------------------------

Saída Quad Thread:
0000000000
0000000000
0000000000
0000000000
0000000000
0000000000
0000100000
0001010000
0010100000
0001000000
